{
  "nbformat": 4,
  "nbformat_minor": 0,
  "metadata": {
    "colab": {
      "provenance": [],
      "mount_file_id": "1p4JXQQ_2qwBC2oImW0250RijjrE3qpzL",
      "authorship_tag": "ABX9TyN6zsYMZ6fD7jkIgP9/EvQL",
      "include_colab_link": true
    },
    "kernelspec": {
      "name": "python3",
      "display_name": "Python 3"
    },
    "language_info": {
      "name": "python"
    }
  },
  "cells": [
    {
      "cell_type": "markdown",
      "metadata": {
        "id": "view-in-github",
        "colab_type": "text"
      },
      "source": [
        "<a href=\"https://colab.research.google.com/github/intTing/1/blob/main/tensors_dihedral_rotation.ipynb\" target=\"_parent\"><img src=\"https://colab.research.google.com/assets/colab-badge.svg\" alt=\"Open In Colab\"/></a>"
      ]
    },
    {
      "cell_type": "code",
      "source": [
        "import numpy as np\n",
        "\n",
        "data = np.load('tensors_dihedral_rotation_02_02.npy', allow_pickle=True)\n",
        "print(data)"
      ],
      "metadata": {
        "colab": {
          "base_uri": "https://localhost:8080/"
        },
        "id": "4eQDpli6EHcJ",
        "outputId": "b400fce0-2ab6-42dc-883b-d3c1723e58e0"
      },
      "execution_count": 1,
      "outputs": [
        {
          "output_type": "stream",
          "name": "stdout",
          "text": [
            "[{'angle_value': 0, 'g_values': [2.0023364, 2.0047986, 2.0092354], 'g_ori': [[0.5541284, 0.3732427, 0.7440643], [0.6554551, -0.7466411, -0.113603], [0.5131475, 0.5506514, -0.6583789]], 'g_raw': array([[ 2.0052108e+00,  7.3430000e-04, -2.4825000e-03],\n",
            "        [ 7.5450000e-04,  2.0058008e+00, -2.2515000e-03],\n",
            "        [-2.5458000e-03, -2.3332000e-03,  2.0053587e+00]]), 'NucNames': ['17H', '18H', '19H', '20H', '21H', '22H', '23H'], 'A_values': [[-5.2948, -17.3981, -23.8474], [-6.2988, -19.8235, -27.8549], [2.7293, 5.3845, 9.3983], [3.0293, 5.8859, 9.7405], [39.1348, 40.4344, 45.8295], [44.2401, 45.8445, 51.1206], [1.6302, -1.8663, -2.0098]], 'A_ori': [[[0.4144345, -0.8996909, 0.1371144], [0.5604438, 0.3710082, 0.7404429], [-0.7170403, -0.2300202, 0.6579848]], [[0.7979136, -0.476071, -0.3697165], [0.5623873, 0.3672417, 0.7408468], [-0.2169203, -0.7990557, 0.5607634]], [[0.5596998, 0.3726959, 0.7401581], [0.8125762, -0.071516, -0.5784508], [-0.1626531, 0.9251936, -0.3428713]], [[-0.5626179, -0.3748605, -0.7368451], [0.1249579, -0.9196101, 0.3724282], [-0.8172188, 0.1174602, 0.5642309]], [[-0.0545796, -0.6497632, -0.7581747], [0.4301241, -0.7005458, 0.5694109], [-0.9011184, -0.295031, 0.3177143]], [[0.8896316, -0.167363, 0.4249062], [0.1543, 0.9858667, 0.0652556], [-0.4298222, 0.0075096, 0.9028823]], [[0.1994944, -0.8222532, 0.5330119], [0.8559065, -0.1186233, -0.5033414], [0.4771017, 0.5566222, 0.6801072]]], 'A_raw': [array([[-18.6288,  -5.5697,   3.73  ],\n",
            "        [ -5.5983,  -7.9551,  -0.5175],\n",
            "        [  3.7443,  -0.5384, -19.9565]]), array([[-11.5937,  -6.5338,  -3.0174],\n",
            "        [ -6.5032, -21.8855,   5.9762],\n",
            "        [ -3.0317,   5.9994, -20.4978]]), array([[ 4.6603, -1.1576, -0.8763],\n",
            "        [-1.1639,  8.449 , -2.0051],\n",
            "        [-0.8728, -2.009 ,  4.4027]]), array([[ 7.5546, -0.9719, -2.9623],\n",
            "        [-0.9665,  5.5409, -0.5337],\n",
            "        [-2.9647, -0.5292,  5.5603]]), array([[44.8111,  1.388 , -1.5982],\n",
            "        [ 1.3898, 40.3555, -1.146 ],\n",
            "        [-1.5978, -1.1463, 40.232 ]]), array([[45.5497,  0.2218, -2.6537],\n",
            "        [ 0.2216, 45.7998,  0.1498],\n",
            "        [-2.6547,  0.1509, 49.8557]]), array([[-1.7597, -0.6115,  0.325 ],\n",
            "        [-0.612 ,  0.4529, -1.5863],\n",
            "        [ 0.3258, -1.5873, -0.9391]])], 'AtomSymbols': ['C', 'C', 'O', 'N', 'C', 'C', 'O', 'C', 'C', 'C', 'C', 'C', 'C', 'C', 'O', 'N', 'C', 'H', 'H', 'H', 'H', 'H', 'H', 'H', 'H', 'H', 'H', 'H', 'H', 'H', 'H', 'H'], 'AtomCoords': [[-2.640143, -6.985918, 2.068205], [-2.290367, -6.16442, 3.284519], [-1.741346, -6.646447, 4.268647], [-2.635066, -4.853088, 3.237006], [-2.395844, -3.945767, 4.346643], [-3.034385, -4.409975, 5.66514], [-2.431887, -4.276374, 6.723797], [-2.880384, -2.539703, 4.004892], [-2.072569, -1.778065, 2.990176], [-0.923198, -2.299638, 2.365366], [-2.500024, -0.470988, 2.653631], [-0.213369, -1.555753, 1.458273], [-1.814859, 0.292689, 1.753176], [-0.622326, -0.214462, 1.107957], [0.025242, 0.476836, 0.286295], [-4.310243, -4.824046, 5.584791], [-5.052007, -5.276345, 6.748872], [-2.136247, 1.293322, 1.497596], [0.67353, -1.949627, 0.980616], [-3.388267, -0.076145, 3.131304], [-0.586958, -3.297907, 2.604671], [-3.923347, -2.580292, 3.67503], [-2.891434, -1.956037, 4.929565], [-1.327888, -3.923093, 4.566761], [-2.966492, -6.380574, 1.224525], [-3.437758, -7.680052, 2.336904], [-1.771096, -7.574815, 1.77973], [-6.099, -5.379587, 6.475828], [-4.961594, -4.546297, 7.550925], [-4.680037, -6.235865, 7.113329], [-4.694413, -5.005726, 4.672791], [-3.090627, -4.500438, 2.41194]]}\n",
            " {'angle_value': 5, 'g_values': [2.0023391, 2.0047941, 2.0092413], 'g_ori': [[-0.6211576, -0.3172871, -0.7165837], [0.6011474, -0.779531, -0.175935], [-0.5027773, -0.5400558, 0.6749479]], 'g_raw': array([[ 2.0049710e+00,  7.2000000e-04, -2.5931000e-03],\n",
            "        [ 7.2740000e-04,  2.0058440e+00, -2.1617000e-03],\n",
            "        [-2.6107000e-03, -2.1967000e-03,  2.0055594e+00]]), 'NucNames': ['17H', '18H', '19H', '20H', '21H', '22H', '23H'], 'A_values': [[-5.2813, -17.3815, -23.8228], [-6.2943, -19.829, -27.8639], [2.7289, 5.3767, 9.4003], [3.0373, 5.9044, 9.7526], [42.737, 44.1546, 49.5004], [39.9816, 41.4272, 46.772], [1.6583, -1.9126, -2.0833]], 'A_ori': [[[0.3659868, -0.9269732, 0.0823061], [0.6233583, 0.3098582, 0.7179222], [-0.6909979, -0.2114439, 0.6912405]], [[0.7489858, -0.5062369, -0.4274862], [0.6218053, 0.3141777, 0.7173915], [-0.2288634, -0.8031292, 0.5500955]], [[0.6224412, 0.3099451, 0.71868], [0.7727399, -0.0975855, -0.6271763], [-0.1242575, 0.9457331, -0.3002481]], [[0.6168855, 0.3278548, 0.7155163], [0.0975184, -0.9339423, 0.3438633], [0.7809881, -0.1423482, -0.6081073]], [[0.0351287, 0.6759474, 0.7361122], [0.4259075, -0.6764556, 0.6008416], [0.9040845, 0.2924089, -0.3116541]], [[0.8913156, -0.1285858, 0.4347668], [0.1178167, 0.9916853, 0.051763], [-0.4378079, 0.0050856, 0.8990542]], [[0.1872053, -0.8292331, 0.5266181], [0.8988828, -0.0716089, -0.4322983], [0.3961866, 0.5542965, 0.7319779]]], 'A_raw': [array([[-1.88299e+01, -5.04220e+00,  3.44180e+00],\n",
            "        [-5.06950e+00, -7.28350e+00,  1.65000e-02],\n",
            "        [ 3.45360e+00, -7.60000e-03, -2.03722e+01]]), array([[-12.6622,  -6.6118,  -3.3256],\n",
            "        [ -6.5824, -21.5417,   6.4757],\n",
            "        [ -3.3385,   6.5012, -19.7834]]), array([[ 4.4144, -0.9837, -1.0344],\n",
            "        [-0.9896,  8.7189, -1.732 ],\n",
            "        [-1.0314, -1.7365,  4.3727]]), array([[ 7.1591, -1.0068, -3.0939],\n",
            "        [-1.0016,  5.6773, -0.3393],\n",
            "        [-3.0959, -0.3344,  5.8578]]), array([[48.5221,  1.3794, -1.5427],\n",
            "        [ 1.381 , 43.964 , -1.1926],\n",
            "        [-1.5422, -1.1928, 43.9058]]), array([[41.3035,  0.1538, -2.6636],\n",
            "        [ 0.1535, 41.4034,  0.1052],\n",
            "        [-2.6645,  0.1066, 45.4739]]), array([[-1.8142, -0.5916,  0.3023],\n",
            "        [-0.5921,  0.4902, -1.6282],\n",
            "        [ 0.303 , -1.6293, -1.0135]])], 'AtomSymbols': ['C', 'C', 'O', 'N', 'C', 'C', 'O', 'C', 'C', 'C', 'C', 'C', 'C', 'C', 'O', 'N', 'C', 'H', 'H', 'H', 'H', 'H', 'H', 'H', 'H', 'H', 'H', 'H', 'H', 'H', 'H', 'H'], 'AtomCoords': [[-2.642611, -6.975327, 2.063538], [-2.319239, -6.162137, 3.292501], [-1.788876, -6.650836, 4.283632], [-2.652566, -4.84792, 3.243688], [-2.400444, -3.94179, 4.3523], [-3.041874, -4.40686, 5.669896], [-2.439004, -4.286851, 6.730022], [-2.87272, -2.530405, 4.014578], [-2.054714, -1.770741, 3.006081], [-0.967712, -2.331598, 2.307826], [-2.417273, -0.427928, 2.741051], [-0.266203, -1.597946, 1.385876], [-1.738065, 0.326895, 1.828569], [-0.619269, -0.226715, 1.095351], [0.013879, 0.450288, 0.250662], [-4.32116, -4.810013, 5.58655], [-5.056157, -5.286341, 6.745549], [-2.012039, 1.353446, 1.625537], [0.570575, -2.023569, 0.848523], [-3.252387, 0.000255, 3.281805], [-0.67542, -3.354005, 2.498976], [-3.914212, -2.563132, 3.678177], [-2.885785, -1.950779, 4.941313], [-1.331194, -3.928189, 4.568261], [-3.082614, -6.384156, 1.262543], [-3.332946, -7.771058, 2.344008], [-1.726389, -7.443222, 1.704253], [-6.090706, -5.451604, 6.455956], [-5.021372, -4.543713, 7.540924], [-4.637034, -6.219174, 7.127473], [-4.702811, -4.989154, 4.67286], [-3.088558, -4.48782, 2.411123]]}\n",
            " {'angle_value': 10, 'g_values': [2.0023399, 2.0047903, 2.0092453], 'g_ori': [[-0.6545048, -0.2552705, -0.7116603], [0.5593315, -0.7968, -0.2286001], [-0.5086961, -0.5476739, 0.6642903]], 'g_raw': array([[ 2.0048934e+00,  8.3160000e-04, -2.6466000e-03],\n",
            "        [ 8.3190000e-04,  2.0059669e+00, -2.0584000e-03],\n",
            "        [-2.6470000e-03, -2.0735000e-03,  2.0055152e+00]]), 'NucNames': ['17H', '18H', '19H', '20H', '21H', '22H', '23H'], 'A_values': [[-5.3137, -17.4601, -23.9478], [-6.2611, -19.7485, -27.7261], [2.7405, 5.3933, 9.4211], [3.0289, 5.8945, 9.7494], [45.9318, 47.4535, 52.7355], [35.3707, 36.6456, 42.0707], [1.6723, -1.9814, -2.2085]], 'A_ori': [[[0.3259609, -0.9448287, 0.0323761], [-0.6548198, -0.2503455, -0.7131186], [0.6818801, 0.2112483, -0.7002954]], [[0.7137593, -0.5189442, -0.4703664], [0.6543736, 0.2546891, 0.7119892], [-0.2496855, -0.8159843, 0.5213701]], [[0.6476885, 0.2530563, 0.718653], [0.756654, -0.1030866, -0.6456376], [-0.0892991, 0.9619437, -0.2582441]], [[0.6500152, 0.2668981, 0.7115094], [-0.0620375, 0.9518059, -0.3003613], [-0.7573847, 0.1510992, 0.6352459]], [[-0.0035914, 0.6953808, 0.7186325], [0.4282887, -0.6483201, 0.6294838], [0.9036348, 0.3100429, -0.2954954]], [[0.8871204, -0.0651452, 0.4569173], [0.0553414, 0.9978601, 0.034823], [-0.4582081, -0.0056058, 0.8888273]], [[0.1876354, -0.8345935, 0.5179253], [0.9507695, 0.0219215, -0.3091226], [0.2466381, 0.5504299, 0.7976193]]], 'A_raw': [array([[-19.1799,  -4.6734,   3.2274],\n",
            "        [ -4.7001,  -6.9163,   0.5855],\n",
            "        [  3.2365,   0.56  , -20.6253]]), array([[-13.3803,  -6.6235,  -3.4925],\n",
            "        [ -6.5943, -21.4265,   6.6832],\n",
            "        [ -3.503 ,   6.7099, -18.9288]]), array([[ 4.3138, -0.781 , -1.1418],\n",
            "        [-0.7869,  8.9485, -1.4829],\n",
            "        [-1.1396, -1.4881,  4.2926]]), array([[ 6.8939, -0.937 , -3.1808],\n",
            "        [-0.9318,  5.7812, -0.1735],\n",
            "        [-3.1824, -0.1684,  5.9978]]), array([[51.7664,  1.4835, -1.4063],\n",
            "        [ 1.4849, 47.2255, -1.2444],\n",
            "        [-1.4057, -1.2445, 47.129 ]]), array([[ 3.67816e+01,  8.76000e-02, -2.72590e+00],\n",
            "        [ 8.75000e-02,  3.66403e+01,  1.09000e-02],\n",
            "        [-2.72680e+00,  1.25000e-02,  4.06651e+01]]), array([[-1.8665, -0.6028,  0.3102],\n",
            "        [-0.6032,  0.4945, -1.6786],\n",
            "        [ 0.3108, -1.6797, -1.1456]])], 'AtomSymbols': ['C', 'C', 'O', 'N', 'C', 'C', 'O', 'C', 'C', 'C', 'C', 'C', 'C', 'C', 'O', 'N', 'C', 'H', 'H', 'H', 'H', 'H', 'H', 'H', 'H', 'H', 'H', 'H', 'H', 'H', 'H', 'H'], 'AtomCoords': [[-2.675328, -7.006525, 2.075502], [-2.331942, -6.177553, 3.288339], [-1.781598, -6.652402, 4.275243], [-2.671325, -4.865187, 3.230356], [-2.408194, -3.946402, 4.326202], [-3.030022, -4.400382, 5.656572], [-2.414129, -4.265426, 6.70733], [-2.889676, -2.538995, 3.980844], [-2.061545, -1.768484, 2.988874], [-1.019452, -2.3443, 2.23552], [-2.370757, -0.401031, 2.792513], [-0.310968, -1.601555, 1.32656], [-1.683552, 0.363308, 1.893789], [-0.610321, -0.204804, 1.105962], [0.028989, 0.480952, 0.273016], [-4.3087, -4.80961, 5.594776], [-5.026657, -5.274364, 6.769057], [-1.916425, 1.408948, 1.743509], [0.492048, -2.038129, 0.747994], [-3.170759, 0.038665, 3.375481], [-0.767448, -3.38562, 2.374556], [-3.92466, -2.583758, 3.624433], [-2.928799, -1.960205, 4.906693], [-1.336, -3.926461, 4.526775], [-3.132872, -6.426368, 1.276249], [-3.356815, -7.801774, 2.378119], [-1.764139, -7.475036, 1.704392], [-6.064185, -5.447561, 6.495165], [-4.984582, -4.521659, 7.554584], [-4.598785, -6.200649, 7.157165], [-4.702668, -4.999528, 4.688502], [-3.132735, -4.518809, 2.405728]]}\n",
            " {'angle_value': 15, 'g_values': [2.002339, 2.0047855, 2.0092444], 'g_ori': [[0.6837095, 0.1893921, 0.7047496], [0.5145194, -0.8099577, -0.2814932], [0.5175047, 0.5550668, -0.6512217]], 'g_raw': array([[ 2.0048360e+00,  9.6710000e-04, -2.6869000e-03],\n",
            "        [ 9.6100000e-04,  2.0060715e+00, -1.9379000e-03],\n",
            "        [-2.6761000e-03, -1.9387000e-03,  2.0054614e+00]]), 'NucNames': ['17H', '18H', '19H', '20H', '21H', '22H', '23H'], 'A_values': [[-5.3566, -17.5696, -24.1332], [-6.2162, -19.6466, -27.5598], [2.755, 5.4154, 9.4453], [3.0236, 5.8874, 9.7516], [48.4861, 50.0848, 55.3163], [30.5467, 31.6551, 37.1475], [1.6956, -2.0258, -2.351]], 'A_ori': [[[0.2821297, -0.9591887, -0.0189721], [-0.6828017, -0.1868648, -0.7063027], [0.6739323, 0.2122231, -0.7076557]], [[-0.67678, 0.5285119, 0.5124881], [0.6833191, 0.1919337, 0.7044405], [0.2739415, 0.8269441, -0.4910392]], [[-0.6704068, -0.1914615, -0.7168662], [-0.7403674, 0.1086775, 0.6633591], [-0.0491005, 0.9754649, -0.21461]], [[0.6782837, 0.204396, 0.7057999], [-0.02337, 0.966048, -0.2573036], [-0.7344284, 0.1580303, 0.6600313]], [[-0.0456218, 0.7108414, 0.7018711], [0.4267942, -0.6213806, 0.6570639], [0.9031973, 0.329531, -0.2750345]], [[-0.8771271, -0.0059702, -0.4802211], [0.0151946, -0.9997671, -0.0153237], [-0.4800178, -0.0207376, 0.8770136]], [[0.1891714, -0.8403537, 0.5079565], [0.9726484, 0.0893511, -0.2144096], [0.1347935, 0.5346232, 0.8342714]]], 'A_raw': [array([[-19.573 ,  -4.2439,   3.0662],\n",
            "        [ -4.2705,  -6.6363,   1.2045],\n",
            "        [  3.0729,   1.1777, -20.85  ]]), array([[-14.095 ,  -6.5983,  -3.5958],\n",
            "        [ -6.5694, -21.305 ,   6.8482],\n",
            "        [ -3.6038,   6.8761, -18.0226]]), array([[ 4.2305, -0.5349, -1.2359],\n",
            "        [-0.5407,  9.1508, -1.2089],\n",
            "        [-1.2344, -1.2143,  4.2344]]), array([[ 6.6532e+00, -8.4390e-01, -3.2449e+00],\n",
            "        [-8.3870e-01,  5.8666e+00, -9.0000e-03],\n",
            "        [-3.2460e+00, -3.8000e-03,  6.1428e+00]]), array([[54.3491,  1.6088, -1.2483],\n",
            "        [ 1.6101, 49.8451, -1.2718],\n",
            "        [-1.2475, -1.2718, 49.6931]]), array([[32.0681,  0.0489, -2.7788],\n",
            "        [ 0.049 , 31.6574, -0.1031],\n",
            "        [-2.7796, -0.1013, 35.6238]]), array([[-1.8986, -0.6148,  0.3208],\n",
            "        [-0.6152,  0.509 , -1.7331],\n",
            "        [ 0.3214, -1.7343, -1.2917]])], 'AtomSymbols': ['C', 'C', 'O', 'N', 'C', 'C', 'O', 'C', 'C', 'C', 'C', 'C', 'C', 'C', 'O', 'N', 'C', 'H', 'H', 'H', 'H', 'H', 'H', 'H', 'H', 'H', 'H', 'H', 'H', 'H', 'H', 'H'], 'AtomCoords': [[-2.703068, -7.028215, 2.08062], [-2.343544, -6.188701, 3.281583], [-1.777739, -6.654293, 4.264017], [-2.687338, -4.87761, 3.21798], [-2.415159, -3.950156, 4.304344], [-3.02205, -4.397638, 5.644202], [-2.396541, -4.253684, 6.687967], [-2.904349, -2.545068, 3.954874], [-2.061047, -1.763018, 2.984885], [-1.064364, -2.348826, 2.17927], [-2.311394, -0.375538, 2.860057], [-0.345103, -1.597037, 1.28668], [-1.612032, 0.398638, 1.978934], [-0.58564, -0.179386, 1.137752], [0.063758, 0.515168, 0.320047], [-4.300072, -4.811006, 5.597548], [-5.005594, -5.269145, 6.781979], [-1.79971, 1.45967, 1.883652], [0.423027, -2.041462, 0.668161], [-3.074625, 0.072124, 3.48461], [-0.856394, -3.405496, 2.265697], [-3.930235, -2.600716, 3.573895], [-2.970852, -1.97045, 4.881128], [-1.340935, -3.925828, 4.492777], [-3.174159, -6.455845, 1.283645], [-3.377985, -7.822442, 2.400188], [-1.796474, -7.49749, 1.699415], [-6.045434, -5.445835, 6.519343], [-4.957187, -4.51119, 7.562043], [-4.572195, -6.192062, 7.171923], [-4.702614, -5.007712, 4.696524], [-3.165949, -4.540349, 2.39956]]}\n",
            " {'angle_value': 20, 'g_values': [2.0023365, 2.004781, 2.0092506], 'g_ori': [[0.7091009, 0.1215444, 0.6945523], [0.4677613, -0.8181606, -0.3343839], [0.5276128, 0.5619966, -0.6370122]], 'g_raw': array([[ 2.0047961e+00,  1.1184000e-03, -2.7122000e-03],\n",
            "        [ 1.1110000e-03,  2.0061566e+00, -1.8093000e-03],\n",
            "        [-2.7001000e-03, -1.8037000e-03,  2.0054155e+00]]), 'NucNames': ['17H', '18H', '19H', '20H', '21H', '22H', '23H'], 'A_values': [[-5.4287, -17.7462, -24.4236], [-6.1485, -19.4837, -27.2865], [2.7837, 5.4528, 9.4889], [3.0179, 5.8716, 9.7533], [50.3902, 52.0347, 57.2268], [25.6644, 26.6198, 32.163], [1.7313, -2.0412, -2.5037]], 'A_ori': [[[0.2356819, -0.9692953, -0.0701474], [-0.7076565, -0.121696, -0.6959974], [0.6660904, 0.2136742, -0.7146096]], [[-0.6385806, 0.5341802, 0.5539552], [0.7087015, 0.127662, 0.6938621], [0.2999284, 0.8356757, -0.4600968]], [[0.6910063, 0.1271293, 0.7115817], [-0.722834, 0.1152419, 0.6813444], [0.0046148, -0.9851687, 0.1715263]], [[0.7030131, 0.1409594, 0.6970675], [0.0170641, 0.9765349, -0.2146822], [-0.7109722, 0.1628192, 0.6841115]], [[-0.0866367, 0.7221616, 0.6862774], [0.4247732, -0.596335, 0.6811404], [0.9011447, 0.350524, -0.2550904]], [[-0.8598809, -0.0931225, -0.5019293], [0.099522, -0.9949356, 0.0140933], [-0.5006997, -0.0378344, 0.8647938]], [[0.1936561, -0.8449321, 0.4985851], [0.9788928, 0.132579, -0.1555368], [0.0653161, 0.518182, 0.8527727]]], 'A_raw': [array([[-20.02  ,  -3.7661,   2.9758],\n",
            "        [ -3.7929,  -6.4833,   1.8532],\n",
            "        [  2.9803,   1.8253, -21.0952]]), array([[-14.7539,  -6.5058,  -3.6416],\n",
            "        [ -6.4773, -21.1262,   6.9434],\n",
            "        [ -3.6469,   6.9722, -17.0385]]), array([[ 4.1793, -0.2534, -1.3091],\n",
            "        [-0.2591,  9.3258, -0.9239],\n",
            "        [-1.3081, -0.9294,  4.2203]]), array([[ 6.4228, -0.7303, -3.287 ],\n",
            "        [-0.725 ,  5.9195,  0.1534],\n",
            "        [-3.2877,  0.1588,  6.3005]]), array([[56.2385,  1.7429, -1.0957],\n",
            "        [ 1.7439, 51.815 , -1.2791],\n",
            "        [-1.0949, -1.2792, 51.5981]]), array([[ 2.73031e+01,  2.86000e-02, -2.81240e+00],\n",
            "        [ 2.88000e-02,  2.66195e+01, -2.26000e-01],\n",
            "        [-2.81310e+00, -2.24000e-01,  3.05245e+01]]), array([[-1.9017, -0.6327,  0.3383],\n",
            "        [-0.633 ,  0.5276, -1.7932],\n",
            "        [ 0.3387, -1.7944, -1.4395]])], 'AtomSymbols': ['C', 'C', 'O', 'N', 'C', 'C', 'O', 'C', 'C', 'C', 'C', 'C', 'C', 'C', 'O', 'N', 'C', 'H', 'H', 'H', 'H', 'H', 'H', 'H', 'H', 'H', 'H', 'H', 'H', 'H', 'H', 'H'], 'AtomCoords': [[-2.729705, -7.050691, 2.085851], [-2.356045, -6.199734, 3.274398], [-1.774092, -6.654677, 4.252257], [-2.705425, -4.890289, 3.204483], [-2.42473, -3.95361, 4.280793], [-3.01528, -4.393221, 5.630352], [-2.378809, -4.239461, 6.665904], [-2.921105, -2.550542, 3.926715], [-2.06213, -1.757557, 2.979535], [-1.111909, -2.348335, 2.12191], [-2.250034, -0.356235, 2.927174], [-0.379985, -1.588045, 1.247599], [-1.536425, 0.427192, 2.06524], [-0.558937, -0.155441, 1.171001], [0.102969, 0.547782, 0.370929], [-4.29239, -4.811652, 5.601043], [-4.982584, -5.263022, 6.797125], [-1.676242, 1.499091, 2.025551], [0.352622, -2.036114, 0.58985], [-2.975941, 0.095119, 3.592181], [-0.95063, -3.416148, 2.154608], [-3.937191, -2.616138, 3.521094], [-3.015429, -1.980665, 4.852794], [-1.34858, -3.924663, 4.456689], [-3.213626, -6.486639, 1.290611], [-3.397617, -7.844133, 2.421677], [-1.827073, -7.520497, 1.696017], [-6.024726, -5.445498, 6.547942], [-4.927848, -4.498703, 7.570521], [-4.541316, -6.181231, 7.189336], [-4.703942, -5.018611, 4.70643], [-3.202747, -4.56343, 2.392989]]}\n",
            " {'angle_value': 25, 'g_values': [2.0023324, 2.0047773, 2.0092646], 'g_ori': [[0.7379727, 0.056151, 0.6724904], [0.4156143, -0.8229264, -0.3873719], [0.5316588, 0.5653665, -0.6306344]], 'g_raw': array([[ 2.0047142e+00,  1.2530000e-03, -2.7291000e-03],\n",
            "        [ 1.2420000e-03,  2.0062039e+00, -1.7004000e-03],\n",
            "        [-2.7066000e-03, -1.6840000e-03,  2.0054562e+00]]), 'NucNames': ['17H', '18H', '19H', '20H', '21H', '22H', '23H'], 'A_values': [[-5.5165, -17.9585, -24.7682], [-6.0666, -19.2864, -26.9521], [2.8199, 5.4978, 9.5388], [3.009, 5.8486, 9.7451], [51.6029, 53.2553, 58.4226], [20.8695, 21.7007, 27.2728], [1.7749, -2.0247, -2.6569]], 'A_ori': [[[0.1858175, -0.9753213, -0.119249], [0.73535, 0.0575391, 0.6752404], [-0.6517149, -0.2131612, 0.7278942]], [[0.5931642, -0.5385741, -0.5984098], [0.7368514, 0.0637182, 0.6730453], [-0.3243552, -0.8401654, 0.4346444]], [[0.7164438, 0.0645778, 0.6946496], [-0.696446, 0.1245524, 0.7067175], [-0.040882, -0.9901093, 0.1342097]], [[0.7320419, 0.0789015, 0.6766752], [0.0572288, 0.9826376, -0.1764886], [-0.6788517, 0.1679224, 0.7148164]], [[0.1187741, -0.7335433, -0.6691838], [0.4295456, -0.5696653, 0.700694], [-0.8952001, -0.3706692, 0.2474288]], [[-0.838026, -0.1963956, -0.5090591], [0.1951721, -0.9791427, 0.056457], [-0.5095294, -0.0520417, 0.858878]], [[0.2058243, -0.8445069, 0.4944132], [0.9779565, 0.1593476, -0.134942], [0.0351759, 0.511289, 0.8586887]]], 'A_raw': [array([[-20.4179,  -3.2043,   2.9553],\n",
            "        [ -3.2306,  -6.4343,   2.5   ],\n",
            "        [  2.9575,   2.4707, -21.391 ]]), array([[-15.4477,  -6.3128,  -3.6115],\n",
            "        [ -6.2852, -20.8616,   7.0569],\n",
            "        [ -3.6143,   7.0867, -15.9957]]), array([[ 4.1306,  0.039 , -1.3548],\n",
            "        [ 0.0335,  9.4475, -0.6576],\n",
            "        [-1.3544, -0.6633,  4.2784]]), array([[ 6.1223, -0.6061, -3.2978],\n",
            "        [-0.6009,  5.9419,  0.3178],\n",
            "        [-3.2981,  0.3233,  6.5385]]), array([[57.3729,  1.8586, -1.0132],\n",
            "        [ 1.8594, 53.0761, -1.285 ],\n",
            "        [-1.0124, -1.2849, 52.8317]]), array([[ 2.25635e+01,  1.10000e-02, -2.79300e+00],\n",
            "        [ 1.13000e-02,  2.16840e+01, -3.32100e-01],\n",
            "        [-2.79360e+00, -3.30000e-01,  2.55955e+01]]), array([[-1.8646, -0.6714,  0.3673],\n",
            "        [-0.6717,  0.5197, -1.8636],\n",
            "        [ 0.3676, -1.8649, -1.5618]])], 'AtomSymbols': ['C', 'C', 'O', 'N', 'C', 'C', 'O', 'C', 'C', 'C', 'C', 'C', 'C', 'C', 'O', 'N', 'C', 'H', 'H', 'H', 'H', 'H', 'H', 'H', 'H', 'H', 'H', 'H', 'H', 'H', 'H', 'H'], 'AtomCoords': [[-2.759816, -7.078394, 2.103661], [-2.365836, -6.208985, 3.271832], [-1.758862, -6.646626, 4.242513], [-2.724898, -4.902589, 3.192143], [-2.433966, -3.952768, 4.254581], [-3.001811, -4.38198, 5.616982], [-2.350289, -4.214057, 6.641066], [-2.941788, -2.554102, 3.894044], [-2.078259, -1.755244, 2.9564], [-1.185852, -2.349758, 2.039969], [-2.201228, -0.346493, 2.971622], [-0.448743, -1.585504, 1.174236], [-1.48075, 0.441453, 2.118808], [-0.562563, -0.144263, 1.16618], [0.103791, 0.563275, 0.373574], [-4.276478, -4.808627, 5.611753], [-4.943228, -5.25565, 6.822825], [-1.570883, 1.519358, 2.130915], [0.239762, -2.0364, 0.472214], [-2.881622, 0.107496, 3.681342], [-1.073807, -3.424351, 2.021525], [-3.952757, -2.631316, 3.477219], [-3.052227, -1.984621, 4.817951], [-1.355452, -3.916955, 4.412975], [-3.249702, -6.524774, 1.304743], [-3.429583, -7.860662, 2.461637], [-1.865677, -7.562186, 1.711667], [-5.98612, -5.45558, 6.590805], [-4.888419, -4.481576, 7.586495], [-4.483405, -6.162888, 7.219114], [-4.699113, -5.0306, 4.725921], [-3.251921, -4.592533, 2.392888]]}\n",
            " {'angle_value': 30, 'g_values': [2.0023276, 2.0047719, 2.0092632], 'g_ori': [[-0.7604534, 0.0123482, -0.6492751], [0.3627514, -0.8212091, -0.440485], [-0.5386298, -0.5704937, 0.620012]], 'g_raw': array([[ 2.0046614e+00,  1.4075000e-03, -2.7184000e-03],\n",
            "        [ 1.3986000e-03,  2.0062333e+00, -1.5790000e-03],\n",
            "        [-2.6952000e-03, -1.5590000e-03,  2.0054680e+00]]), 'NucNames': ['17H', '18H', '19H', '20H', '21H', '22H', '23H'], 'A_values': [[-5.6167, -18.1971, -25.1598], [-5.9741, -19.0647, -26.5868], [2.8581, 5.5446, 9.5895], [2.9942, 5.8182, 9.7294], [52.1079, 53.74, 58.9036], [16.1242, 16.8583, 22.4379], [1.8265, -1.9783, -2.8111]], 'A_ori': [[[0.1339515, -0.9763041, -0.1699626], [-0.7575737, 0.0096822, -0.6526778], [0.6388576, 0.2161864, -0.7383254]], [[0.5477231, -0.5365617, -0.6419509], [0.7594675, -0.0030484, 0.6505381], [-0.3510108, -0.8438556, 0.4058315]], [[0.7378959, -0.0023763, 0.6749104], [-0.6690414, 0.1290617, 0.7319336], [-0.0888444, -0.9916337, 0.0936442]], [[0.7553544, 0.0152745, 0.6551384], [0.0997265, 0.9854049, -0.1379562], [-0.6476838, 0.1695404, 0.7428067]], [[0.1591441, -0.7440921, -0.6488452], [0.4292784, -0.539684, 0.724197], [-0.8890406, -0.3937869, 0.2335351]], [[-0.7980175, -0.31383, -0.5144694], [0.3033624, -0.946846, 0.1070232], [-0.5207104, -0.0706643, 0.8508039]], [[0.2196023, -0.8441051, 0.4891436], [0.975464, 0.1819383, -0.1239699], [0.0156497, 0.504366, 0.8633482]]], 'A_raw': [array([[-20.8115,  -2.6114,   2.998 ],\n",
            "        [ -2.6371,  -6.5296,   3.1961],\n",
            "        [  2.9975,   3.1653, -21.6326]]), array([[-16.07  ,  -6.0754,  -3.5298],\n",
            "        [ -6.0488, -20.6513,   7.0817],\n",
            "        [ -3.5298,   7.1123, -14.9043]]), array([[ 4.1141,  0.3604, -1.3716],\n",
            "        [ 0.3552,  9.522 , -0.3719],\n",
            "        [-1.3717, -0.3777,  4.3561]]), array([[ 5.8479, -0.4599, -3.2793],\n",
            "        [-0.4548,  5.9303,  0.4661],\n",
            "        [-3.2792,  0.4717,  6.7637]]), array([[57.7799,  2.001 , -0.9036],\n",
            "        [ 2.0016, 53.6371, -1.2628],\n",
            "        [-0.9028, -1.2627, 53.3345]]), array([[17.9034,  0.0214, -2.7734],\n",
            "        [ 0.0218, 16.8143, -0.454 ],\n",
            "        [-2.7738, -0.4518, 20.7027]]), array([[-1.7954, -0.7111,  0.397 ],\n",
            "        [-0.7113,  0.5208, -1.9333],\n",
            "        [ 0.3972, -1.9346, -1.6883]])], 'AtomSymbols': ['C', 'C', 'O', 'N', 'C', 'C', 'O', 'C', 'C', 'C', 'C', 'C', 'C', 'C', 'O', 'N', 'C', 'H', 'H', 'H', 'H', 'H', 'H', 'H', 'H', 'H', 'H', 'H', 'H', 'H', 'H', 'H'], 'AtomCoords': [[-2.783954, -7.099553, 2.112178], [-2.371644, -6.218054, 3.265068], [-1.744606, -6.644368, 4.227823], [-2.738085, -4.914012, 3.180151], [-2.440028, -3.955336, 4.232614], [-2.990407, -4.377333, 5.604631], [-2.32923, -4.197491, 6.620353], [-2.958326, -2.559549, 3.868608], [-2.086485, -1.752091, 2.94646], [-1.250808, -2.341609, 1.973987], [-2.141445, -0.34228, 3.033058], [-0.505053, -1.571076, 1.122182], [-1.410428, 0.452835, 2.195116], [-0.55062, -0.127094, 1.186386], [0.124495, 0.587111, 0.407278], [-4.263085, -4.810013, 5.616144], [-4.917637, -5.24554, 6.837916], [-1.448422, 1.531835, 2.261656], [0.139882, -2.01801, 0.377537], [-2.776861, 0.107394, 3.785789], [-1.18986, -3.418221, 1.902756], [-3.960819, -2.649079, 3.434006], [-3.089896, -1.993667, 4.791269], [-1.360005, -3.913716, 4.378077], [-3.288615, -6.554935, 1.316278], [-3.446037, -7.879355, 2.489385], [-1.895766, -7.585596, 1.709579], [-5.964493, -5.440585, 6.619905], [-4.848698, -4.467031, 7.59585], [-4.458642, -6.153139, 7.234465], [-4.694971, -5.038604, 4.736548], [-3.28875, -4.615837, 2.39245]]}\n",
            " {'angle_value': 35, 'g_values': [2.0023219, 2.0047673, 2.0092684], 'g_ori': [[-0.7788296, 0.0827812, -0.6217489], [0.306186, -0.8149483, -0.4920462], [-0.5474254, -0.573591, 0.6093594]], 'g_raw': array([[ 2.0046329e+00,  1.5738000e-03, -2.6981000e-03],\n",
            "        [ 1.5682000e-03,  2.0062314e+00, -1.4588000e-03],\n",
            "        [-2.6731000e-03, -1.4360000e-03,  2.0054933e+00]]), 'NucNames': ['17H', '18H', '19H', '20H', '21H', '22H', '23H'], 'A_values': [[-5.7194, -18.4428, -25.5623], [-5.8858, -18.8499, -26.2282], [2.9039, 5.594, 9.6453], [2.9817, 5.7878, 9.7153], [51.6707, 53.2411, 58.4219], [11.7404, 12.4094, 17.9749], [1.8947, -1.9006, -2.9588]], 'A_ori': [[[0.0775795, -0.9723625, -0.2202106], [0.7755316, -0.0799458, 0.6262263], [-0.6265239, -0.2193625, 0.7478957]], [[0.499427, -0.5312525, -0.6843562], [0.7778405, -0.0728763, 0.624222], [-0.3814929, -0.8440733, 0.3768334]], [[0.7566204, -0.07263, 0.649808], [-0.6384835, 0.1321503, 0.7582052], [-0.1409408, -0.9885652, 0.0536146]], [[0.7752589, -0.0499145, 0.6296683], [0.1438829, 0.9846203, -0.0990993], [-0.6150377, 0.1674261, 0.7705174]], [[-0.1970094, 0.7527751, 0.6281058], [0.4273795, -0.510644, 0.7460492], [0.8823458, 0.4154182, -0.221119]], [[-0.7422138, -0.4331865, -0.5113395], [0.411123, -0.8968791, 0.1630515], [-0.5292415, -0.0892043, 0.843769]], [[0.2426315, -0.8406403, 0.4842043], [0.9700914, 0.2065092, -0.1275799], [0.0072562, 0.5006773, 0.8656036]]], 'A_raw': [array([[-21.1611,  -1.9432,   3.1186],\n",
            "        [ -1.9678,  -6.7503,   3.8911],\n",
            "        [  3.1151,   3.8594, -21.813 ]]), array([[-16.695 ,  -5.8155,  -3.3676],\n",
            "        [ -5.79  , -20.447 ,   7.0563],\n",
            "        [ -3.3648,   7.0876, -13.8219]]), array([[ 4.1345,  0.7117, -1.3533],\n",
            "        [ 0.7068,  9.5395, -0.0883],\n",
            "        [-1.354 , -0.0942,  4.4692]]), array([[ 5.5875, -0.2937, -3.2309],\n",
            "        [-0.2887,  5.8905,  0.5967],\n",
            "        [-3.2304,  0.6024,  7.0068]]), array([[57.2136,  2.1319, -0.8165],\n",
            "        [ 2.1322, 53.2453, -1.2183],\n",
            "        [-0.8158, -1.2182, 52.8749]]), array([[13.5994,  0.0474, -2.7394],\n",
            "        [ 0.048 , 12.3287, -0.5673],\n",
            "        [-2.7397, -0.565 , 16.1966]]), array([[-1.6904, -0.7565,  0.4269],\n",
            "        [-0.7566,  0.5256, -2.0088],\n",
            "        [ 0.427 , -2.01  , -1.8   ]])], 'AtomSymbols': ['C', 'C', 'O', 'N', 'C', 'C', 'O', 'C', 'C', 'C', 'C', 'C', 'C', 'C', 'O', 'N', 'C', 'H', 'H', 'H', 'H', 'H', 'H', 'H', 'H', 'H', 'H', 'H', 'H', 'H', 'H', 'H'], 'AtomCoords': [[-2.805052, -7.11742, 2.119684], [-2.378854, -6.223619, 3.257949], [-1.733362, -6.637998, 4.213672], [-2.754339, -4.922389, 3.167996], [-2.449781, -3.954961, 4.210553], [-2.981513, -4.370604, 5.591843], [-2.309348, -4.179598, 6.598264], [-2.978538, -2.561983, 3.84334], [-2.098122, -1.747745, 2.93566], [-1.322386, -2.328106, 1.908517], [-2.078834, -0.343802, 3.09272], [-0.565046, -1.55375, 1.071331], [-1.333916, 0.455774, 2.270503], [-0.53573, -0.11411, 1.207202], [0.150582, 0.604405, 0.441946], [-4.251364, -4.810621, 5.621728], [-4.888988, -5.240204, 6.854504], [-1.315205, 1.530629, 2.390802], [0.033484, -1.993734, 0.284966], [-2.667329, 0.098052, 3.886949], [-1.317546, -3.401674, 1.784269], [-3.973114, -2.662189, 3.393316], [-3.128578, -1.999654, 4.764787], [-1.368439, -3.907419, 4.342826], [-3.32234, -6.581905, 1.32571], [-3.459865, -7.894966, 2.513942], [-1.921469, -7.605393, 1.709439], [-5.937656, -5.440947, 6.650823], [-4.813827, -4.456073, 7.606023], [-4.421484, -6.143165, 7.251701], [-4.692956, -5.047567, 4.749182], [-3.325486, -4.636062, 2.390554]]}\n",
            " {'angle_value': 40, 'g_values': [2.0023163, 2.0047627, 2.0092719], 'g_ori': [[0.7977228, -0.1548525, 0.5828028], [0.2413932, -0.8036506, -0.543944], [0.5526009, 0.5746012, -0.60371]], 'g_raw': array([[ 2.0045829e+00,  1.7330000e-03, -2.6517000e-03],\n",
            "        [ 1.7350000e-03,  2.0061928e+00, -1.3543000e-03],\n",
            "        [-2.6317000e-03, -1.3326000e-03,  2.0055752e+00]]), 'NucNames': ['17H', '18H', '19H', '20H', '21H', '22H', '23H'], 'A_values': [[-5.8194, -18.68, -25.9526], [-5.8068, -18.6534, -25.9006], [2.9509, 5.6431, 9.6985], [2.9735, 5.7584, 9.7064], [50.4051, 51.8807, 57.0971], [7.6994, 8.3272, 13.8595], [-1.8122, 1.9471, -3.1053]], 'A_ori': [[[0.0150819, -0.9628653, -0.2695606], [0.7945097, -0.1521375, 0.5878847], [-0.6070641, -0.2230349, 0.7627114]], [[-0.4422424, 0.5214225, 0.7297535], [0.7970333, -0.1446361, 0.5863602], [0.4112901, 0.8409512, -0.3516269]], [[0.7779267, -0.1454506, 0.6112889], [-0.5968101, 0.1333344, 0.7912267], [-0.1965902, -0.9803398, 0.016918]], [[0.7970279, -0.1154057, 0.5928137], [0.1893573, 0.9798308, -0.0638396], [-0.5734896, 0.1631356, 0.8028053]], [[0.2307679, -0.7629984, -0.6038044], [0.4291194, -0.477137, 0.76694], [-0.8732713, -0.4360892, 0.2173095]], [[-0.6762426, -0.5469686, -0.4934788], [0.513572, -0.8302832, 0.2165029], [-0.5281475, -0.1070284, 0.8423807]], [[0.9667642, 0.2160797, -0.1366624], [0.2554892, -0.8365696, 0.4846406], [-0.0096066, -0.5034489, -0.8639716]]], 'A_raw': [array([[-21.3596,  -1.176 ,   3.3147],\n",
            "        [ -1.1994,  -7.1099,   4.5759],\n",
            "        [  3.3085,   4.5435, -21.9824]]), array([[-17.3707,  -5.4689,  -3.0942],\n",
            "        [ -5.4449, -20.285 ,   7.0267],\n",
            "        [ -3.0884,   7.0587, -12.7051]]), array([[ 4.1704,  1.0858, -1.294 ],\n",
            "        [ 1.0812,  9.4847,  0.1717],\n",
            "        [-1.2953,  0.1657,  4.6375]]), array([[ 5.2887, -0.1113, -3.1332],\n",
            "        [-0.1064,  5.8253,  0.7093],\n",
            "        [-3.1321,  0.7151,  7.3243]]), array([[55.7802,  2.2464, -0.7844],\n",
            "        [ 2.2466, 52.0137, -1.1741],\n",
            "        [-0.7838, -1.174 , 51.589 ]]), array([[ 9.583 ,  0.08  , -2.6712],\n",
            "        [ 0.0807,  8.2032, -0.6686],\n",
            "        [-2.6712, -0.6663, 12.0999]]), array([[-1.5663, -0.8109,  0.4553],\n",
            "        [-0.8108,  0.4902, -2.0858],\n",
            "        [ 0.4553, -2.087 , -1.8944]])], 'AtomSymbols': ['C', 'C', 'O', 'N', 'C', 'C', 'O', 'C', 'C', 'C', 'C', 'C', 'C', 'C', 'O', 'N', 'C', 'H', 'H', 'H', 'H', 'H', 'H', 'H', 'H', 'H', 'H', 'H', 'H', 'H', 'H', 'H'], 'AtomCoords': [[-2.822652, -7.129609, 2.127613], [-2.379891, -6.22488, 3.250893], [-1.711239, -6.627628, 4.195349], [-2.764853, -4.926156, 3.158384], [-2.455386, -3.952763, 4.193613], [-2.969889, -4.364614, 5.582845], [-2.288195, -4.165308, 6.581058], [-2.994579, -2.561953, 3.826333], [-2.113346, -1.743649, 2.923536], [-1.41061, -2.309914, 1.836791], [-2.012504, -0.353258, 3.148711], [-0.647028, -1.534048, 1.0075], [-1.258836, 0.448359, 2.335653], [-0.535261, -0.106387, 1.212848], [0.158172, 0.614007, 0.455855], [-4.236916, -4.811874, 5.628555], [-4.860004, -5.237377, 6.870222], [-1.177906, 1.513189, 2.507811], [-0.104695, -1.962858, 0.175571], [-2.544078, 0.077192, 3.987909], [-1.468351, -3.374653, 1.661014], [-3.985142, -2.672276, 3.370125], [-3.153635, -2.002349, 4.747381], [-1.373076, -3.90015, 4.313962], [-3.362884, -6.604066, 1.342325], [-3.460376, -7.911252, 2.5412], [-1.943617, -7.611031, 1.700163], [-5.91024, -5.441886, 6.678811], [-4.778894, -4.449444, 7.61711], [-4.385697, -6.137132, 7.266556], [-4.688059, -5.053153, 4.762197], [-3.367531, -4.654179, 2.399806]]}\n",
            " {'angle_value': 45, 'g_values': [2.0023111, 2.0047601, 2.0092914], 'g_ori': [[0.8069407, -0.231169, 0.5435141], [0.1739273, -0.7864154, -0.5927057], [0.5644431, 0.5728103, -0.594384]], 'g_raw': array([[ 2.0046091e+00,  1.9202000e-03, -2.6062000e-03],\n",
            "        [ 1.9235000e-03,  2.0061160e+00, -1.2455000e-03],\n",
            "        [-2.5825000e-03, -1.2246000e-03,  2.0056375e+00]]), 'NucNames': ['17H', '18H', '19H', '20H', '21H', '22H', '23H'], 'A_values': [[-5.9084, -18.8853, -26.2819], [-5.7518, -18.5089, -25.6542], [3.0041, 5.6893, 9.7566], [2.9708, 5.7385, 9.6987], [48.1056, 49.4505, 54.7213], [4.3069, 4.9135, 10.4085], [-1.7013, 2.015, -3.2421]], 'A_ori': [[[-0.0532325, -0.9464754, -0.3183561], [0.8030916, -0.2300501, 0.5496552], [-0.593473, -0.2264096, 0.7723526]], [[-0.3850238, 0.5072736, 0.770993], [0.8058932, -0.2223269, 0.5487321], [0.4497698, 0.8326129, -0.3232071]], [[0.7899301, -0.2231643, 0.5711463], [-0.5562875, 0.131062, 0.8205894], [-0.2579818, -0.9659298, -0.0206136]], [[0.8101651, -0.1864155, 0.5557713], [0.2388331, 0.9707992, -0.0225314], [-0.5353421, 0.1509908, 0.8310298]], [[0.2639306, -0.7731401, -0.5767106], [0.4242988, -0.4438903, 0.7892604], [-0.866205, -0.4530075, 0.2108862]], [[-0.6033799, -0.641938, -0.4731261], [0.5978899, -0.7567589, 0.2642795], [-0.5276935, -0.1234164, 0.8404213]], [[0.9611711, 0.2314473, -0.1502743], [0.2756922, -0.8290712, 0.4864511], [-0.0120003, -0.5089922, -0.8606875]]], 'A_raw': [array([[-21.4581,  -0.3434,   3.6101],\n",
            "        [ -0.3654,  -7.6281,   5.2068],\n",
            "        [  3.6009,   5.174 , -21.9894]]), array([[-18.0659,  -5.1676,  -2.7439],\n",
            "        [ -5.1452, -20.1788,   6.9071],\n",
            "        [ -2.735 ,   6.9395, -11.6703]]), array([[ 4.2841,  1.4867, -1.1899],\n",
            "        [ 1.4829,  9.3518,  0.4229],\n",
            "        [-1.1922,  0.4169,  4.8142]]), array([[ 5.0581,  0.0995, -3.0075],\n",
            "        [ 0.1042,  5.7308,  0.7851],\n",
            "        [-3.006 ,  0.7911,  7.619 ]]), array([[53.3116,  2.3427, -0.7582],\n",
            "        [ 2.3427, 49.7283, -1.1031],\n",
            "        [-0.7579, -1.1031, 49.2375]]), array([[ 6.2227,  0.1222, -2.6105],\n",
            "        [ 0.123 ,  4.7474, -0.7547],\n",
            "        [-2.6103, -0.7524,  8.6588]]), array([[-1.4188, -0.8594,  0.4827],\n",
            "        [-0.8592,  0.4535, -2.1732],\n",
            "        [ 0.4825, -2.1743, -1.9632]])], 'AtomSymbols': ['C', 'C', 'O', 'N', 'C', 'C', 'O', 'C', 'C', 'C', 'C', 'C', 'C', 'C', 'O', 'N', 'C', 'H', 'H', 'H', 'H', 'H', 'H', 'H', 'H', 'H', 'H', 'H', 'H', 'H', 'H', 'H'], 'AtomCoords': [[-2.828304, -7.135812, 2.133204], [-2.379517, -6.221556, 3.246215], [-1.69836, -6.61463, 4.186009], [-2.77436, -4.926106, 3.150454], [-2.465608, -3.947175, 4.180558], [-2.969369, -4.358311, 5.574029], [-2.282301, -4.152568, 6.567402], [-3.013692, -2.55813, 3.81252], [-2.126827, -1.737909, 2.917242], [-1.496215, -2.284692, 1.776917], [-1.935911, -0.370248, 3.209839], [-0.716796, -1.511182, 0.960902], [-1.16369, 0.429242, 2.411438], [-0.51294, -0.10542, 1.235846], [0.195615, 0.613518, 0.491532], [-4.2328, -4.814121, 5.628661], [-4.845303, -5.24064, 6.875271], [-1.013831, 1.476938, 2.634912], [-0.230272, -1.925167, 0.087968], [-2.412093, 0.044364, 4.089203], [-1.623093, -3.333342, 1.548226], [-3.999811, -2.675701, 3.349284], [-3.179956, -2.00156, 4.733636], [-1.382975, -3.888553, 4.294257], [-3.380663, -6.618672, 1.350803], [-3.456215, -7.919254, 2.558279], [-1.950669, -7.61381, 1.699092], [-5.895278, -5.452781, 6.690848], [-4.764905, -4.450305, 7.619684], [-4.362473, -6.136201, 7.270813], [-4.687322, -5.061131, 4.765645], [-3.391866, -4.664384, 2.40031]]}\n",
            " {'angle_value': 50, 'g_values': [2.0023068, 2.004758, 2.009302], 'g_ori': [[0.8117993, -0.3087384, 0.4956435], [0.0991958, -0.7635478, -0.6380869], [0.5754494, 0.5671643, -0.5892221]], 'g_raw': array([[ 2.0046473e+00,  2.0951000e-03, -2.5398000e-03],\n",
            "        [ 2.0997000e-03,  2.0059860e+00, -1.1517000e-03],\n",
